John Doe;2024. 04. 19

-1,2;-32,75393;15,547;357,4;78,84996;1,175148E-06;0
-1,197998;-33,10077;15,54813;357,6448;78,85108;0,1814084;0,3041076
-1,198411;-33,07062;15,54612;357,7957;78,85618;0,726738;0,6080111
-1,093472;-33,07661;15,56559;358,0417;78,8582;359,8793;0,9124658
-0,77074;-33,05903;15,6307;358,0677;78,8196;359,7184;1,214536
-0,2303454;-33,036;15,73825;358,0308;78,81693;0,1238555;1,519307
0,5835069;-33,00243;15,82858;357,9699;82,25282;359,2561;1,821448
1,53794;-32,96015;15,78941;357,9022;90,06883;358,4228;2,125461
2,717853;-32,91147;15,74927;358,1122;92,06004;0,1249278;2,428217
4,046067;-32,85069;15,87523;357,5616;83,6841;1,809276;2,732013
5,506826;-32,78968;16,23798;357,9696;73,35867;1,014664;3,034518
7,15008;-32,71075;16,58751;357,6521;77,63097;358,1628;3,338071
9,090556;-32,63285;16,88288;357,963;83,6255;359,7076;3,6417
11,00221;-32,53502;17,36715;357,5524;72,61151;2,869897;3,94519
13,02784;-32,45694;17,98758;357,869;69,0861;359,5933;4,248681
15,21644;-32,34736;18,5177;357,6363;80,17918;357,9293;4,55162
17,56964;-32,24944;19,09273;357,6861;78,04897;1,530277;4,853775
20,03912;-32,13328;19,80117;357,9507;70,30057;1,530427;5,156929
22,85495;-31,99958;20,41861;357,5712;81,74123;357,435;5,460315
25,68109;-31,89596;20,88427;357,8141;87,07497;359,6126;5,763844
28,74518;-31,74644;21,17602;358,1837;87,63483;359,8286;6,068089
32,01424;-31,60644;21,44251;357,9081;85,2393;359,583;6,370877
35,5056;-31,45405;21,73962;357,9487;83,63436;359,9939;6,673875
39,20288;-31,28762;22,14544;358,0164;81,24412;0,818454;6,976619
43,10448;-31,11717;22,65664;357,996;80,31631;0,4895612;7,27954
47,49262;-30,92026;23,32081;357,9571;79,86263;0,08400819;7,582654
51,82103;-30,72832;24,03661;357,9932;79,59061;0,2099239;7,885451
56,35904;-30,52665;24,82484;357,9921;79,4626;0,2559823;8,188512
61,10892;-30,31619;25,67469;357,9975;79,42369;0,07230341;8,492111
66,07185;-30,09729;26,58007;358,0171;79,38203;0,009243366;8,794418
71,24849;-29,8701;27,53594;358,031;79,34134;0,066448;9,096742
76,6397;-29,63543;28,53851;358,0523;79,33037;0,03800251;9,399278
82,6274;-29,37743;29,65727;358,0842;79,3294;359,9597;9,701648
88,46342;-29,12957;30,75106;358,1234;79,31955;359,9445;10,00539
94,51541;-28,87731;31,88704;358,1762;79,31289;359,932;10,30868
100,7839;-28,62262;33,06435;358,2461;79,31583;359,88;10,61091
107,2699;-28,37154;34,28302;358,3956;79,31162;359,8672;10,91308
113,9725;-28,12784;35,54349;358,5044;79,26874;359,9076;11,21588
120,8786;-27,8869;36,90152;358,5577;76,81623;0,5289273;11,51824
128,4647;-27,6316;38,49624;358,6474;74,78912;0,6754287;11,82084
135,7671;-27,39222;40,18077;358,6782;73,60423;0,7325639;12,12335
143,2495;-27,14997;42,05919;358,6972;72,84909;0,7340044;12,42633
150,8885;-26,90089;44,17433;358,6278;69,72659;1,25996;12,72826
158,6638;-26,64278;46,57061;358,5491;66,69312;1,357547;13,03089
166,541;-26,36933;49,30645;358,4188;64,25956;1,494172;13,33408
174,4314;-26,07252;52,46015;357,9535;59,12947;2,112633;13,63657
182,1376;-25,74738;55,98389;357,7882;54,65433;2,17078;13,93837
189,9358;-25,34036;60,22387;357,4141;46,71442;2,709448;14,24136
196,7212;-24,88616;64,59647;356,3703;42,00343;2,30837;14,54529
202,9132;-24,2324;69,30536;354,3848;40,61641;1,27396;14,84829
208,4245;-23,40876;74,08995;352,8149;38,36916;0,5591407;15,15059
213,197;-22,64744;78,66724;353,1448;35,71576;359,3482;15,45297
216,7458;-22,13042;82,69815;353,2924;33,35003;357,8578;15,756
215,999;-22,01848;83,07903;355,1933;39,9892;350,2323;16,05912
215,5571;-22,1113;83,24007;354,916;42,79234;357,3731;16,3624
215,5698;-22,08872;83,23964;355,535;42,91757;357,6161;16,66501
215,6536;-22,08315;83,35432;355,6921;41,5298;357,4021;16,9674
215,8083;-22,05898;83,60391;355,3231;38,61145;357,7704;17,2707
216,022;-22,01598;84,00607;355,3298;34,02934;358,5329;17,57361
216,2638;-21,96058;84,56604;355,2864;28,13886;358,9547;17,87557
216,5758;-21,88349;85,29051;355,441;24,35738;358,3822;18,17745
216,8495;-21,79321;86,25658;355,638;16,89505;0,0403279;18,48148
217,1088;-21,70294;87,35197;355,9113;12,89801;359,7462;18,78551
217,4106;-21,60641;88,64232;356,9934;12,21579;358,469;19,08905
217,7355;-21,50472;90,12543;357,6696;11,75182;358,7233;19,39218
218,0598;-21,44547;91,76036;357,6493;11,30778;358,9998;19,69464
218,1747;-21,38923;93,16853;357,7031;8,972084;358,9098;19,99778
218,2694;-21,34939;94,67751;359,1071;6,286333;0,5873796;20,30236
218,3076;-21,35128;96,11017;359,8725;3,913963;1,138455;20,60439
218,287;-21,3881;97,58592;0,7095357;1,34126;0,3328252;20,90614
218,1797;-21,46039;99,23805;2,847339;355,5514;359,6527;21,209
217,7498;-21,52997;101,0191;3,345395;340,6698;0,2560901;21,51191
216,8862;-21,64116;102,8344;3,153542;324,8656;359,3614;21,81446
215,589;-21,77891;104,7331;4,47451;318,2024;358,3516;22,1164
213,9622;-21,96962;106,7396;5,089379;316,23;358,2302;22,41961
211,8962;-22,2402;109,0352;5,563601;314,4988;358,0945;22,72439
209,6562;-22,55208;111,3633;6,455418;313,1361;357,7292;23,02695
207,1062;-22,9317;113,8144;6,767294;309,2884;358,2459;23,33011
204,1554;-23,36662;116,1594;6,231695;297,0515;358,0462;23,63316
200,4916;-23,87331;118,4534;6,633849;289,9377;358,0249;23,94049
196,6006;-24,36535;120,3556;6,328351;286,9394;359,213;24,24408
192,2998;-24,76065;122,0138;4,32099;282,9037;0,4417686;24,54669
187,5973;-25,0819;123,3585;4,059575;276,5226;1,559198;24,85008
182,5546;-25,40343;124,4069;3,373552;273,5914;0,7677716;25,15196
177,1745;-25,65496;125,1375;2,251104;271,1619;1,04044;25,45426
171,5167;-25,81065;125,4632;1,351908;263,3563;1,48942;25,75741
165,623;-25,88948;125,3535;0,4730343;258,6586;0,9740911;26,05956
159,1296;-25,85262;124,7163;359,3555;256,1614;1,053903;26,36353
152,8657;-25,70449;123,7169;358,0773;255,0347;1,006325;26,66584
146,423;-25,41899;122,4176;357,2426;254,531;0,5146748;26,96951
139,8147;-24,96608;120,8936;355,4878;254,1177;0,3684323;27,27251
133,0285;-24,3469;119,1934;354,8734;253,9581;0,4923856;27,57465
126,0796;-23,63771;117,3745;354,6964;254,2218;0,0143937;27,87766
118,4921;-22,81396;115,3587;354,5948;255,243;359,7329;28,18377
111,2122;-21,99755;113,4437;354,3743;256,4862;359,4468;28,48725
103,7535;-21,17369;111,6038;354,3771;259,8669;358,164;28,78992
96,10532;-20,36016;109,8833;354,8357;261,8881;358,0111;29,09208
88,27109;-19,57457;108,331;355,1713;263,3393;358,2762;29,3963
80,24991;-18,84996;106,9907;355,7411;266,1005;358,0587;29,6987
